466.9228305768542,332.7290850293918,403.03218711713924,397.2825471455798,380.7962820609919,375.2749547504677,444.6869255207068,310.7214926342796,crack
399.0181707837389,398.9400611103552,319.8091968904855,443.3821835581009,305.6013245011388,418.0595632334382,384.81029839439225,373.61744078569234,crack
319.7803496678512,438.7755072707256,251.54231871924574,498.7149344046222,237.39214077516752,482.60566665471015,305.630171723773,422.6662395208135,crack
403.6255372167725,388.0717389985724,389.88049389261073,477.85056488140214,366.45788863719685,474.26458878030485,380.2029319613587,384.48576289747507,crack
396.9756362719696,398.6223837626547,312.94094177651124,433.0800957287374,302.81813841070317,408.3928300994754,386.85283290616155,373.9351181333928,crack
309.29391101024447,433.5565681241666,219.01674544805562,443.5163457792991,216.18800361478114,417.8761353591787,306.46516917696994,407.9163577040461,crack
227.701991015212,447.3100233221999,150.09227679456,494.48942615300376,129.89304382697276,461.26186064708173,207.50275804762472,414.0824578162779,crack
138.78203319670254,496.57458476787247,48.14688339131181,490.7065857360974,50.56813761943948,453.30870300043796,141.20328742483022,459.17670203221303,crack
403.7675714454015,388.73439439135734,385.34270452247944,477.6708215275716,361.63603080980766,472.7595346409045,380.0608977327297,383.8231075046902,crack
394.38513033736587,399.8810625653333,290.873294983857,418.6842602180226,285.9315034872565,391.4796369834035,389.4433388407653,372.67643933071423,crack
285.70726622996074,418.09129630326515,196.7708390937625,399.66642938026547,202.16110510495457,373.6477339751612,291.0975322411528,392.07260089816083,crack
204.76492532528928,406.0325524578115,117.15727396693654,429.9921688227672,106.559367515075,391.24122726257093,194.1670188734278,367.28161089761517,crack
120.7579906025523,424.1673849108147,44.842091536374255,474.02658728967765,27.042751813281214,446.92521355338647,102.95865087945926,397.06601117452345,crack
294.88238452790574,413.58948052962086,222.62941491796556,468.6228538173598,209.66944433326768,451.60778995954394,281.9224139432078,396.574416671805,crack
223.63013607324777,479.306632365656,139.00687047466602,512.292488612151,124.04545757940379,473.9098676577427,208.6687231779855,440.9240114112477,crack
128.01327694592553,510.0578067626328,39.07684980971488,491.6329398396931,46.102623971933625,457.71968258432145,135.03905110814426,476.14454950726116,crack
283.434707472759,417.56245778132023,185.68751590619544,378.6555581224225,195.6228994317911,353.694539761208,293.3700909983546,392.60143942010575,crack
183.97051052907932,376.19668661426874,108.41216783768347,325.7972754806838,121.7815621175113,305.7540001357767,197.33990480890714,356.15341126936175,crack
115.51024925601867,334.05285019632646,24.708563745081523,336.10655447285075,23.881795188238943,299.55212969665837,114.68348069917609,297.4984254201341,crack
195.53415641951216,385.3219804563548,107.52169516793148,407.74898331722665,97.76379766689361,369.4551202881475,185.7762589184743,347.0281174272757,crack
100.28499049151283,406.0304585804509,10.27995427613268,393.8543652516918,14.995466127932124,358.997551696164,105.00050234331226,371.1736450249232,crack
195.93009175810613,384.2188139013804,94.95077442440288,413.73893874930843,84.4010062461771,377.6514088301782,185.38032357988035,348.1312839822501,crack
89.76877669181576,413.6951272741569,-15.43562229954366,414.238020527812,-15.621395012595203,378.23811355898465,89.58300397876421,377.6952203053297,crack
458.26830524540674,338.62041800944024,368.3937253207043,351.72475607897996,363.4668709274517,317.9344977237709,453.34145085215425,304.8301596542311,crack
364.39893557703385,350.1601633359262,274.0237884688904,341.13261781879015,277.0865135629788,310.4715449496887,367.4616606711222,319.49909046682467,crack
277.9467828822221,337.77574477937065,188.88120100954623,355.5657958912758,184.09793727697118,331.6184691010134,273.1635191496471,313.8284179891082,crack
200.19613488820983,356.69239562902607,137.44183554071716,422.3510714174381,110.02870405081497,396.15054515167526,172.78300339830759,330.49186936326316,crack
373.72814204891654,345.4467887392631,300.52571211796374,399.2107919857335,284.93002426828673,377.9764683099581,358.13245419923953,324.2124650634877,crack
294.9740492198049,400.9588844467133,205.61155326411995,417.19181731334953,201.1191912107606,392.46130871561456,290.48168716644557,376.2283758489783,crack
200.88089313911766,416.8190889427942,111.94446600291292,398.3942220198264,116.91342419955815,374.4091701632021,205.8498513357629,392.8340370861699,crack
119.6736578601143,404.3422541592357,32.49750253429239,429.827185697121,22.008077016534827,393.94606956167803,109.18423234235675,368.4611380237927,crack
357.93320475098096,348.8475593867755,279.04323318534836,303.84160223379183,295.0374199315424,275.8057372629917,373.927391497175,320.81169441597535,crack
277.4808108172191,300.18164504146785,210.73692162528013,238.5828053736891,229.85595310773272,217.86685478753705,296.59984229967165,279.4656944553157,crack
217.25698795673472,239.80695155829818,129.4067281320296,216.75276231611647,135.48562695157295,193.58851936074626,223.3358867762781,216.642708602928,crack
138.25659025179615,221.7666005715413,52.53368507890649,251.7790533470524,40.9128596589167,218.58713388083257,126.63576483180638,188.57468110532145,crack
124.4132601615058,212.47892223989737,63.29204424212543,145.29737151785017,79.35787900271637,130.68080871491816,140.47909492209675,197.86235943696536,crack
65.92358602336923,153.07095116704195,-19.58307205313095,122.44783542956337,-8.780320855027592,92.28411332824777,76.72633722147259,122.90722906572636,crack
139.79750566782297,222.24378972663354,43.16847108536636,263.8501591414285,28.465814833322987,229.70386136502418,125.09484941577959,188.0974919502292,crack
48.484956385795456,255.22677654377645,-9.894518038935825,342.7487581604544,-35.23014489183739,325.8492255793542,23.149329532893894,238.32724396267622,crack
372.5040497113199,347.5684022253395,291.7923200790081,389.2190984097146,278.6448169045245,363.74154776178653,359.35654653683616,322.09085157741134,crack
288.9608000139812,389.2813524297867,201.78464468812928,414.766283967569,194.30018164369955,389.16422527949663,281.4763369695514,363.67929374171445,crack
213.70706204924792,413.22324415088593,160.7014047435435,486.9766446587454,129.37210697687652,464.46066560403926,182.37776428258096,390.7072650961797,crack
292.6494266320151,384.9399823116636,224.411395683397,444.87940944554566,209.54967940289944,427.96009099371963,277.78771035151755,368.02066385983755,crack
227.36076939898174,454.1864741090096,148.9394814000539,500.00421501219824,128.1790176883868,464.47076723344406,206.6003056873147,418.65302633025556,crack
141.61770334220196,500.9232208439035,51.98551398541671,515.5940907564856,45.86860638945346,478.2226313143209,135.50079574623874,463.5517614017388,crack
285.5226181159746,389.9234554162501,180.34371705786666,392.30233591486757,179.73561780945008,365.4160712538686,284.914518867558,363.0371907552511,crack
177.1010591660378,390.90989627617563,74.89034267426511,365.98541565056496,80.76755920950623,341.88403026694994,182.9782757012789,366.8085108925605,crack
82.1256274527506,370.79658708166335,-19.822413508966953,396.77460171492436,-28.415766530696825,363.05087346911256,73.53227443102074,337.07285883585155,crack
