126.99147247467926,307.98799029895673,218.1085412110368,302.38846630866607,219.79696981751906,329.863063374424,128.67990108116157,335.46258736471464,crack
212.41632946172732,305.03648212718446,291.0601014760968,258.6809861490827,304.132953581198,280.8595515778038,225.48918156682853,327.2150475559056,crack
210.72182047568373,306.4942444123845,269.2220006221782,256.5009763636535,285.6838706993666,275.76401722197465,227.18369055287212,325.7572852707056,crack
267.25127309246926,260.36458485823096,312.1810295172703,180.89766172896924,332.5843546538765,192.4334855981355,287.65459822907553,271.9004087273972,crack
266.3239127163733,262.1951405937865,291.98992082481635,189.64961037212566,314.2479667136147,197.5243227701808,288.58195860517156,270.0698529918416,crack
290.9539790345292,193.69666232179082,290.13082791959584,102.41140991886482,314.46075738896843,102.1920184175896,315.2839085039018,193.47727082051566,crack
288.60795496048274,183.98841279262524,331.06192512717286,119.80696419218961,360.08390274463835,139.00407174924564,317.62993257794824,203.18552034968127,crack
330.1401697621156,123.01831708113197,365.0504448515122,38.668168431549894,395.9159331990922,51.442570210721236,361.0056581096956,135.79271886030327,crack
329.64934784416505,128.99317301062084,331.64137039852113,52.067041081948474,363.4885025820023,52.89173100214204,361.49648002764616,129.8178629308144,crack
333.42234815014456,57.215998094943316,304.43079059004896,-29.34706836104355,332.71596727028333,-38.82029246683967,361.70752483037893,47.742773989147196,crack
333.495252619542,58.89624646795793,301.5634739599722,-11.117748125986045,329.7028417014117,-23.95146897781139,361.63462036098156,46.06252561613258,crack
26.914689232356757,146.85335822377917,117.20483790332753,160.32050109069542,113.66965149173308,184.02207683224304,23.379502820762337,170.55493396532682,crack
26.04020796071651,147.31378585026883,102.75666089386691,153.32908108161757,100.97043702555303,176.10980157018594,24.253984092402582,170.09450633883716,crack
98.7016790907021,154.70141849190537,185.75753401817147,127.22501030467427,192.0812737561872,147.261055972667,105.02541882871783,174.73746415989814,crack
100.48667552464991,154.2844714674139,190.9911846128877,142.34258222320256,193.74493148300786,163.21252194017825,103.24042239477002,175.1544111843896,crack
199.24326660816703,139.56102794676937,280.22980652121646,181.69005875612916,266.479389400778,208.1231070259712,185.49284948772853,165.99407621661143,crack
281.2878574363149,186.24389918255616,348.61105239491826,247.89827700432826,332.74453344428287,265.22364442131624,265.42133848567954,203.5692665995442,crack
344.80363271713054,246.0779779101444,429.75020274020966,279.5108229182804,421.4985231451498,300.4767885236361,336.5519531220706,267.0439435155001,crack
433.55805082752823,285.50209852598033,478.53396356612063,364.9429076693574,462.66658779642376,373.9263220593131,417.69067505783124,294.4855129159361,crack
349.97386216419585,254.83524308116105,366.6360254917032,344.59072869218875,348.0438870025126,348.0421639555112,331.3817236750052,258.28667834448345,crack
365.3598125184951,346.52412262545914,362.9966528267314,437.78249407868617,346.95694028395684,437.36714147546786,349.32009997572067,346.10877002224083,crack
348.3784655569893,248.15224905931376,405.12846991030506,300.12373098222236,389.7271246355276,316.94115428923936,332.97712028221184,264.96967236633077,crack
400.08159900805776,297.46440136058175,474.91254561039483,315.4067356001047,469.6049421401119,337.5428181504029,394.77399553777485,319.60048391088,crack
100.24818009583947,153.93219022845147,176.35154231488704,142.5358668598812,179.58228004262804,164.11036905478173,103.47891782358046,175.50669242335204,crack
181.69081197029539,138.90658879677503,256.1972245474326,158.15217042607324,248.7494229643569,186.9852287471861,174.24301038721967,167.73964711788787,crack
257.14205300381354,162.3162176944725,327.17458558082217,194.2073184627873,317.8371270849845,214.71228224710165,247.80459450797593,182.82118147878685,crack
325.48614462254784,192.92205661804456,413.87397466338837,215.7533155560755,407.91339808409936,238.8288030298753,319.52556804325883,215.9975440918444,crack
415.72061139810666,219.09112125787908,494.3912989597996,265.4009237039534,484.737448911074,281.8007997741461,406.06676134938107,235.49099732807178,crack
330.1486598402721,198.15583000541915,388.23603914417987,268.5797694694103,372.95043212944233,281.1877101684609,314.8630528255345,210.7637707044698,crack
388.4685501701622,274.8127253476233,389.2917012850224,366.09797775055,373.5410722183201,366.2400066931746,372.7179211034599,274.9547542902479,crack
327.34600599539965,193.83088097773887,397.3785385724219,225.7219817460234,387.69823924742934,246.97982050043458,317.665706670407,215.08871973215008,crack
394.7921419271337,225.25685803574913,470.2036819732896,240.5766999158601,465.6961759388734,262.7647860908198,390.2846358927176,247.44494421070883,crack
135.44943919647554,312.805485137383,204.88332943921463,372.0727591575637,189.65582460210436,389.9123665464691,120.22193435936528,330.64509252628835,crack
202.85018295061158,364.2977762578397,289.4300765651823,393.23904274211,278.26886470527813,426.6286159304635,191.68897109070744,397.6873494461932,crack
205.7663586189935,365.96436898115616,272.7529036916669,403.8378518760691,255.75934049499892,433.89423961778965,188.77279542232552,396.02075672287674,crack
269.2831571612849,401.87694051394277,356.82034427821776,427.77898204890715,346.76627414231376,461.75719251488033,259.22908702538086,435.85515097991595,crack
268.94078003490057,401.9546418250395,343.09996321177914,422.4976084536143,333.73064732864384,456.320416297394,259.57146415176527,435.7774496688193,crack
339.6563349937713,423.5814603242094,430.6659617983538,430.717475522803,428.18390235123417,462.3725796253926,337.17427554665164,455.2365644267989,crack
339.4361780132946,422.63794865943294,430.55648424848135,428.18454001175974,428.5147387623153,461.72666744390216,337.3944325271284,456.1800760915754,crack
438.16239775118214,435.53562686960026,505.4855927097117,497.1900046914529,488.2320202181441,516.0299584079143,420.90882525961456,454.37558058606163,crack
334.2314896838436,423.25076082526726,408.72670955320945,403.96190020626165,417.0943407259451,436.2784033067354,342.59912085657936,455.56726392574103,crack
416.1125280401301,406.7657629198352,490.9434746424699,424.7080971593462,484.5394688413642,451.4168748326729,409.7085222390243,433.4745405931619,crack
496.0971662043825,431.41210299919254,544.0183528608857,491.6213863099674,527.3069639359545,504.9221523036016,479.3857772794516,444.7128689928267,crack
