492.5356099725026,333.9396613016331,435.11272238712587,364.48418497142,422.11852426497046,340.0554400318252,479.54141185034723,309.51091636203824,crack
429.2297568826423,369.7729601966712,364.2285695303474,372.0536591353423,363.0003024171593,337.04736374524515,428.0014897694541,334.76666480657406,crack
370.48160842819,366.9343681103433,313.6005420682465,398.4764072741752,299.86619715937337,373.70869393407605,356.74726351931673,342.1666547702442,crack
314.0563086433049,393.94282724670535,266.49556295377283,438.3087084428751,251.8496848947829,422.60815515771566,299.41043058431495,378.2422739615459,crack
260.772327723908,445.6543219890434,196.08857351269324,452.4637188786472,192.88916591343298,422.07193850115107,257.57292012464774,415.26254161154725,crack
201.16506224382127,447.5445271099735,146.62281672942765,482.97755406371544,133.27043166791137,462.42415722356674,187.81267718230492,426.9911302698248,crack
138.2153695106578,489.19899785973024,73.52935730173579,482.41108438325006,76.99186667775919,449.41479995107176,141.6778788866812,456.20271342755194,crack
308.13076259746896,396.02355187353413,243.7240565059082,405.0862311292679,240.9292705385902,385.22422859045076,305.3359766301509,376.16154933471705,crack
248.9113136273638,409.93798898213464,189.4976270466732,436.40248957724236,176.328326836444,406.8369713326917,235.74201341713461,380.37247073758397,crack
308.20713637555855,396.5663255213781,247.95460305227377,405.04447037598413,245.00706952877664,384.0969205414793,305.25960285206133,375.6187756868731,crack
244.0205404594094,408.5372885646895,184.0970851781501,397.981426723791,189.0176768403817,370.04824051187535,248.941132121641,380.60410235277385,crack
188.0596153629397,396.2327767794114,127.66829476248347,403.65807867106076,124.66382605513594,379.2221923479043,185.05514665559215,371.7968904562549,crack
133.99600460121468,404.996797139291,77.67408599050725,437.52674378643206,62.01419760569732,410.413420526815,118.33611621640473,377.883473879674,crack
71.75039891004816,435.9927938181403,7.511667833563771,446.1781447958978,3.6991536096720243,422.1327214728642,67.93788468615641,411.9473704951067,crack
118.67211105969494,404.9648742661044,61.78057196367756,373.44172841827833,76.76847066190712,346.3922509050346,133.66000975792446,377.91539675286066,crack
65.19397808185977,371.7741437834103,3.692812468488161,350.60901744186384,11.853898930353306,326.89470919835617,73.35506454372491,348.0598355399027,crack
132.62686911350917,405.9448665569846,77.0453101765808,430.70243142491887,64.12369276718185,401.69296932991466,119.70525170411024,376.93540446198045,crack
68.47225512455535,428.18848819223507,8.548799843299514,417.6326263513172,12.773292537951482,393.6510507216805,72.6967478192073,404.20691256259846,crack
476.3782447980931,330.42633671972783,432.8491702047567,282.09854337154405,452.1697024314205,264.6964475957598,495.69877702475674,313.0242409439436,crack
427.1395399703532,274.4748282023756,422.59172164815357,209.59283306223477,453.3315143436243,207.43816762478752,457.879332665824,272.3201627649283,crack
426.07547851208403,211.70249746567407,409.2311481109872,148.88033196498733,433.003427078597,142.5063377206615,449.8477574796938,205.32850322134823,crack
411.9374513807395,151.43165301994338,377.46171448531516,96.27932296604213,395.8213869134203,84.80268661180419,430.2971238088447,139.95501666570544,crack
433.47574803841707,286.795287780381,379.5481216147872,250.43367267364496,397.61549817413044,223.63808808018692,451.54312459776025,259.99970318692294,crack
377.4085995614952,243.23171776992552,345.86656039772316,186.35065140994897,368.21298106365043,173.9589766239298,399.75502022742245,230.84004298390636,crack
339.3781176232027,180.466033151715,338.2321931865563,115.43494211025637,373.55549940152446,114.81250384070512,374.70142383817085,179.84359488216376,crack
342.6695850442779,121.5763448180211,314.1476981490141,63.12244920112687,340.5962206485392,50.217205516046164,369.11810754380286,108.6711011329404,crack
427.81286109054827,276.79303794593545,414.1156238424485,217.50870271462423,443.5087742975292,210.7176177900573,457.20601154562894,270.0019530213685,crack
417.79306493013337,211.1625533094537,433.5314317829044,152.38712884601992,455.5697000626154,158.288342731794,439.8313332098444,217.0637671952278,crack
427.65776594042933,160.82964080711727,408.8456805449783,102.96469325574147,442.6312805096395,91.98088321932086,461.4433659050905,149.84583077069664,crack
415.5702204327228,108.0058296526876,368.7760040295402,62.83219512911734,389.11252421871234,41.76611229880447,435.906740621895,86.93974682237473,crack
369.087891594447,56.68945486659425,342.6233909993306,-2.7242317140923644,362.33613605868896,-11.504834019359052,388.8006366538055,47.90885256132756,crack
412.0216426830654,99.40288696992536,402.9589634273519,34.99618087836185,430.3926391158388,31.135983413573495,439.4553183715524,95.54268950513696,crack
407.33810303511297,40.10497393241953,368.1867144369829,-11.832726398796522,386.8621109099477,-25.91050997170025,426.01349950807776,26.027190359515807,crack
416.8450643994615,108.85973894500651,368.8914707580964,71.40710794359293,386.6783030137913,48.633206528642226,434.6318966551564,86.08583753005581,crack
369.4204898564401,67.55400964279283,325.89141526310584,19.226216294607294,342.62020932211334,4.158511481256771,386.1492839154476,52.48630482944232,crack
326.82917857314845,24.56060536765014,270.49645908761073,-7.9506336155184485,285.34972652653295,-33.687116574954665,341.6824460120707,-1.175877591786078,crack
373.71393476514004,70.63061627348169,312.9888862571162,47.33202342852363,321.1307904987237,26.111105353795413,381.8558390067476,49.409698198753475,crack
305.0397618415825,45.45771128996325,266.80077404515936,-7.15536462431864,290.8409271178342,-24.627658421926096,329.07991491425736,27.98541749235579,crack
377.5756934736697,72.11998858760681,312.54422542969485,70.99566261064683,312.9626122542431,46.79599990766838,377.9940802982179,47.920325884628355,crack
306.5533299485917,72.82768483913685,247.13085714475733,46.38291842431375,259.53103493151195,18.519211264355263,318.95350773534625,44.96397767917836,crack
254.7342616261001,43.86448382882196,190.17919942606096,51.80173078265079,187.37256825013,28.974892813675968,251.92763045016918,21.037645859847057,crack
195.0221642116837,48.38045009712228,143.77566019022896,88.43231360477957,131.28309944305252,72.44803700686178,182.5296034645073,32.39617349920449,crack
137.39939278321182,87.9586777542606,72.36792473923684,86.83435177730789,72.62789880609466,71.79734688042801,137.65936685006966,72.92167285738074,crack
74.07381684838077,84.80824095998106,11.555193568103094,102.74640385353598,8.403383416673075,91.76162059130976,70.92200669695075,73.82345769775483,crack
185.7262954434923,49.24973969052433,124.2251298301479,28.08461334889877,130.32430661935427,10.361757564176878,191.8254722326987,31.526883905802435,crack
128.73143613915084,26.710710839637997,64.88730118483534,39.131756560193566,61.97386535603579,24.156705793993222,125.81800031035134,11.735660073437653,crack
187.11770139191887,48.926490619433345,127.3875979342863,37.326427990734864,130.70396282663953,20.25007034819493,190.4340662842721,31.850132976893416,crack
124.56080070248862,33.94935882317419,78.633045051877,-5.961641827610468,87.6030044078256,-16.28386113502905,133.5307600584372,23.62713951575561,crack
366.4841395833363,62.63111705004793,351.8425322508976,-0.7406375380938296,374.44402685611277,-5.962557165954541,389.0856341885514,57.409197422187226,crack
