483.7549690201907,331.7823672550122,431.18170891789754,388.5608147505216,409.4586771676317,368.44665790416855,462.03193726992487,311.66821040865915,crack
424.0404493891105,391.3070581363343,349.73330764364806,412.8984560392824,342.29279495095625,387.291812421304,416.59993669641875,365.70041451835584,crack
358.8085578636881,410.75509357568046,309.2789019308148,470.2072000224236,283.6878887980429,448.887281331649,333.2175447309162,389.4351748849059,crack
310.35500411271533,462.6982176207859,293.2144490521098,538.1564255904829,265.4712315555368,531.8544717029836,282.6117866161424,456.3962637332867,crack
431.6789415249033,380.46527159062356,418.5110544696661,456.71713404842984,395.7935575053887,452.7940635218728,408.96144456062603,376.5422010640666,crack
418.4913970447875,467.7071076119955,360.2711748986607,518.679114743747,337.59299278414045,492.7760970900588,395.81321493026724,441.80408995830715,crack
427.07606124138124,389.23093482013036,361.5988479731229,430.4677426549603,348.08711157588965,409.0133456693898,413.564324844148,367.7765378345598,crack
357.2690525739729,431.99057180707166,281.3628576155817,447.0235137920055,276.51071201664837,422.5234585022122,352.41690697503964,407.4905165172785,crack
287.69864037514157,447.66507153660274,223.7004578951591,491.1618808108766,206.17674677710593,465.37871003188866,270.1749292570884,421.88190075761486,crack
225.46950488085025,484.3008487073861,187.01606565704324,551.4504785622457,165.95426056760783,539.3893719902389,204.40769979141484,472.2397421353792,crack
220.6879005905272,491.68295250996783,149.5659624972032,522.1691739818569,138.06736598841388,495.3438598046866,209.1893040817379,464.8576383327974,crack
430.80103899686674,382.9089919618597,400.8177071782387,454.2443940483254,379.8560152700345,445.43388277929614,409.8393470886625,374.09848069283044,crack
400.6406345546956,464.4444454569584,337.41132330203976,509.0515522483482,316.8037766409218,479.84093816205274,380.0330878935776,435.23383137066304,crack
423.76814505426347,391.1923304034728,336.2427976702969,414.97614725182297,329.3468936472993,389.5989590995676,416.87224103126584,365.8151422512174,crack
332.0191244618527,413.9735650594797,254.8085586865822,408.84830307141584,256.36000108047295,385.476279303847,333.5705668557435,390.60154129191085,crack
259.43776468068614,412.3885899901996,184.42235991832683,431.37355314852744,176.71539032400966,400.9209555433911,251.73079508636897,381.9359923850631,crack
188.6578786691455,425.386513500216,130.43765652308159,476.35852063203913,114.25964942712703,457.8800023235257,172.47987157319096,406.9079951917025,crack
344.5837458777275,415.28786842670075,287.26197513881107,467.2681952546342,263.68417470095227,441.2675647526232,321.00594543986864,389.28723792468975,crack
283.1829579585981,468.061814065691,215.63731116503143,505.8152957200022,200.2175450875986,478.22742759587754,267.76319188116526,440.47394594156634,crack
206.36811975812745,507.37848993151215,129.38345763723117,499.5617402287837,132.50207437360632,468.8474836816392,209.4867364945026,476.6642333843676,crack
133.94473546433204,496.0663128269145,58.929330701977385,515.0512759852609,52.925391784150804,491.3278742418549,127.94079654650545,472.34291108350845,crack
328.0797974490936,413.50544790235756,244.46610272767563,378.36136684176626,253.89619914708462,355.9255773884417,337.5098938685026,391.06965844903294,crack
241.68810165290026,375.8249453506381,173.02687073599844,316.56288541735717,188.0129693049582,299.1999389462889,256.67420022186,358.4619988795698,crack
175.88606185438945,321.49504079333116,90.02451872311542,292.2691654484205,99.29223505529315,265.04190822540426,185.1537781865672,294.26778357031486,crack
93.49233036473518,290.1395552739345,16.507668243836946,282.3228055712252,18.839761292775144,259.35476869718093,95.82442341367339,267.1715183998902,crack
86.60707934634003,289.8198641122762,23.84478109922398,244.5580292342719,39.947376184952475,222.2293746835442,102.70967443206854,267.4912095615485,crack
94.7003832324366,290.5549901065515,4.001684973757203,290.87516621577663,3.9176722872925405,267.07625967649824,94.61637054597198,266.7560835672732,crack
472.39771574262375,337.5197472660482,395.055315494012,335.0922173347778,396.04679029888007,303.50330046635264,473.3891905474918,305.93083039762314,crack
389.1308051739188,333.1938871342446,318.8852618768989,300.7392507213964,331.7257573219533,272.94699425403763,401.9713006189732,305.4016306668858,crack
326.89267757794323,299.4028675959343,250.12274127257024,309.10424159411895,246.948405315536,283.9847513776844,323.718341620909,274.28337737949977,crack
255.31788616163453,310.326604294212,185.88894376564465,344.49328009912443,172.32431803048183,316.92906448250386,241.7532604264717,282.7623886775914,crack
400.53092474096013,331.49918695552964,328.8877609354117,360.7395162579677,318.9280172463834,336.3366601480389,390.57118105193194,307.09633084560085,crack
322.93207719667146,360.16422029209605,245.82271911985805,353.6922287311122,247.77434290831016,330.4399645529267,324.8837009851236,336.9119561139106,crack
239.55721745993955,351.07320161594765,179.2497541708878,302.5886716148911,193.73238127917696,284.5744616670347,254.03984456822866,333.05899166809127,crack
179.90984324767055,306.6114533537663,110.83974211414984,271.7250533218213,124.00219106887353,245.6652798962145,193.0722922023942,280.55167992815956,crack
390.0548519696843,333.04081321829494,318.20703331724854,304.3070224368756,329.19943517077206,276.82091380141617,401.0472538232077,305.5547045828355,crack
313.5471147602615,301.1555076236043,257.6948448004364,247.59933414081627,278.007083767934,226.41625513189948,333.85935372775907,279.9724286146875,crack
263.9879997621591,247.1783286516886,191.6496500852838,219.70283149859267,199.37557912933588,199.36176346793124,271.7139288062112,226.83726062102716,crack
199.7306072000673,224.04858655736075,125.42346545457276,245.63998446019806,116.98748026905778,216.6074063120005,191.29462201455237,195.0160084091632,crack
326.92908553773015,301.6657870199253,252.62194379224414,323.25718492279225,246.1702412048045,301.05354712123335,320.47738295029046,279.46214921836645,crack
246.44036849922145,322.60224558262365,171.98264072068386,301.53600358646156,177.89408871928964,280.64224446523997,252.35181649782726,301.708486461402,crack
161.35607522131747,302.98046575681144,110.38406808955126,244.76024361069761,137.54864708688982,220.97756014877626,188.52065421865603,279.1977822948901,crack
120.64457302447101,246.3950886521143,45.497001638821786,227.94021686652823,52.14057076632079,200.88784332177352,127.28814215197006,219.34271510735957,crack
322.9272551097408,302.2538657529603,232.42715996515196,296.24644056572305,233.97911823369085,272.8666452980942,324.4792133782797,278.8740704853315,crack
230.16940605076525,296.0405953003786,155.3553619273666,276.27702832258257,161.42282802467886,253.3089235856427,236.2368721480775,273.0724905634387,crack
162.70289274213064,278.72665978630033,88.78389018600168,301.611607653636,80.15629465378586,273.7442399892606,154.07529720991482,250.85929212192494,crack
92.55312886974635,295.98923683183756,37.08036424958976,349.9383995980972,20.914291349884603,333.31577357731874,76.38705597004119,279.3666108110591,crack
234.86161742265992,299.8174902975775,157.9340612284113,308.1775665989272,154.61710458193426,277.65567186758955,231.54466077618287,269.2955955662398,crack
153.51075092537536,307.41348185247585,77.50031331236472,292.91682183500006,83.02997727195954,263.92309659656524,159.0404148849702,278.41975661404103,crack
71.38566818855338,288.707752595197,12.807028271654385,238.1480579435285,30.565982478871888,217.57247118469976,89.14462239577088,268.1321658363683,crack
239.03222550151222,298.8386731918168,155.0577969274585,333.11186569296905,143.39962412327685,304.54760517315276,227.37405269733057,270.2744126720005,crack
152.46462232043365,333.79356340537834,76.83234925667846,350.14896156602384,70.36052566654654,320.221305621389,145.9927987303017,303.8659074607435,crack
78.76276591535408,345.6834543159944,9.333823519333306,379.850130120844,-0.9988333881498731,358.853488676268,68.43010900787091,324.6868128714184,crack
160.17280941874156,325.8821150877945,118.25772920722875,390.9272211961415,96.36953142048101,376.82246188667426,138.2846116319938,311.7773557783273,crack
112.74542486693711,394.91260691506756,43.316482470957204,429.07928272000026,32.45289336479274,407.0037519726809,101.88183576077265,372.8370761677482,crack
38.10124562089465,428.3604396731117,-39.2622066564397,429.9840250623909,-39.69532206247906,409.34618040884857,37.668130214855296,407.72259501956944,crack
398.73557865333714,331.88079562478936,323.72017389097914,350.86575878312215,317.3511223771968,325.6996853346739,392.3665271395549,306.71472217634107,crack
316.1890720422824,349.15118049443834,244.34125338983688,320.4173897130435,253.03440557344794,298.680472841963,324.8822242258935,327.4142636233578,crack
252.68109727142226,324.24430808461346,178.008451011807,344.5355790741311,170.02191543224737,315.1448254599107,244.6945616918626,294.8535544703931,crack
182.1126208190994,339.4214592752511,123.01168170943151,389.36962014368544,106.8168065152871,370.20710612722485,165.917745624955,320.25894525879056,crack
329.1686909964093,353.1144294806948,262.29222083830314,392.0409951778585,245.0261351136605,362.3775803342651,311.9026052717666,323.45101463710125,crack
257.9533481007161,393.01199655972596,183.28070184108975,413.3032675492026,174.6923615916212,381.6978499418742,249.36500785124755,361.40657895239764,crack
175.11600635911617,412.15224865463335,100.30196223573337,392.38868167677737,108.04301295021205,363.08530185858746,182.85705707359483,382.84886883644344,crack
108.16017205353029,389.1866079317403,35.08487211919098,414.63735089319454,27.109503198075846,391.7381185650787,100.18480313241511,366.2873756036245,crack
318.58280438473946,350.9006163708116,228.9506710291032,337.02844823899756,232.85635852780018,311.79265961517046,322.48849188343644,325.6648277469845,crack
226.63390891966444,334.5686661919271,155.29850683318674,304.58533437332795,163.8377185507613,284.26910984364184,235.17312063723895,314.2524416622409,crack
160.13741852375242,309.2314529385132,82.81408454701356,312.2049694603047,81.67547288345683,282.5965078002481,158.99880686019566,279.6229912784566,crack
89.66559210867172,305.8767910477005,31.44536996259075,356.8487981795042,16.603743175717742,339.8966933446559,74.8239653217987,288.92468621285224,crack
237.8871045405763,338.6016696820996,168.45816214459126,372.76834548702175,154.490982620342,344.38611397699043,223.91992501632706,310.21943817206835,crack
160.24980462757324,373.1695008255055,83.1404465507616,366.6975092645017,85.58998206054844,337.5129670775028,162.69934013736005,343.98495863850667,crack
79.2700571833891,365.51992746727734,6.931707506504459,338.0444303142062,17.122021751036304,311.21505172165604,89.46037142792092,338.6905488747272,crack
224.71242761489367,334.39663457316925,147.6259017445281,286.6051718648849,160.00807607164413,266.63301057271445,237.09460194200966,314.42447328099877,crack
137.6701470902065,282.8827709454923,104.86773042006634,198.3229823982261,137.1614140558256,185.79562294484074,169.96383072596572,270.355411492107,crack
110.4925363445096,200.6415566869846,53.165172518349785,130.3569229801566,74.2092443052225,113.19241494925429,131.5366081313823,183.47704865608225,crack
58.722619274053024,131.60384805788692,-10.347481859498508,96.71744802600314,-0.4183035840322796,77.05908983964015,68.65179754951926,111.94548987152396,crack
52.25860198216925,126.91143005634407,20.535774739296976,56.33238210652726,43.392987598530745,46.05885992325001,75.11581484140302,116.63790787306682,crack
23.587538078523853,57.105328505056576,-21.019568712884805,-6.123982747585762,-4.265882532104791,-17.943397727921635,40.34122425930387,45.2859135247207,crack
59.25809734682035,131.8178806442093,-23.729513817403955,95.21989201347455,-14.871291687472368,75.13346865446685,68.11631947675194,111.73145728520159,crack
